      0.000590      0.049630      0.001859     -0.000559     -0.000025     -0.000404      0.060917     -0.022631     -0.014586      0.006182     -0.016674      0.068898      0.008983     -0.000027      0.006366     -0.006702      0.063265       0.000590      0.049630      0.001859     -0.000559     -0.000025     -0.000404      0.060917     -0.022631     -0.014586      0.006182     -0.016674      0.068898      0.008983     -0.000027      0.006366     -0.006702      0.063265
      0.003106      0.049934      0.001922     -0.000607     -0.000026     -0.000365      0.061503     -0.022865     -0.014941      0.006322     -0.016830      0.069752      0.009170     -0.000024      0.006580     -0.006852      0.063973       0.003106      0.049934      0.001922     -0.000607     -0.000026     -0.000365      0.061503     -0.022865     -0.014941      0.006322     -0.016830      0.069752      0.009170     -0.000024      0.006580     -0.006852      0.063973
      0.007621      0.050010      0.002021     -0.000689     -0.000026     -0.000287      0.061992     -0.023073     -0.015455      0.006520     -0.016950      0.070654      0.009447     -0.000022      0.006919     -0.007086      0.064658       0.007621      0.050010      0.002021     -0.000689     -0.000026     -0.000287      0.061992     -0.023073     -0.015455      0.006520     -0.016950      0.070654      0.009447     -0.000022      0.006919     -0.007086      0.064658
      0.014119      0.049670      0.002155     -0.000809     -0.000027     -0.000164      0.062165     -0.023172     -0.016089      0.006752     -0.016974      0.071362      0.009796     -0.000019      0.007372     -0.007394      0.065094       0.014119      0.049670      0.002155     -0.000809     -0.000027     -0.000164      0.062165     -0.023172     -0.016089      0.006752     -0.016974      0.071362      0.009796     -0.000019      0.007372     -0.007394      0.065094
      0.022573      0.048779      0.002323     -0.000967     -0.000028      0.000012      0.061869     -0.023104     -0.016815      0.007003     -0.016859      0.071709      0.010204     -0.000016      0.007930     -0.007767      0.065121       0.022573      0.048779      0.002323     -0.000967     -0.000028      0.000012      0.061869     -0.023104     -0.016815      0.007003     -0.016859      0.071709      0.010204     -0.000016      0.007930     -0.007767      0.065121
      0.032950      0.047243      0.002527     -0.001164     -0.000029      0.000246      0.060997     -0.022827     -0.017612      0.007255     -0.016580      0.071578      0.010659     -0.000014      0.008588     -0.008197      0.064623       0.032950      0.047243      0.002527     -0.001164     -0.000029      0.000246      0.060997     -0.022827     -0.017612      0.007255     -0.016580      0.071577      0.010659     -0.000014      0.008588     -0.008197      0.064623
      0.045207      0.045006      0.002766     -0.001403     -0.000030      0.000544      0.059488     -0.022319     -0.018464      0.007489     -0.016126      0.070890      0.011151     -0.000013      0.009336     -0.008675      0.063519       0.045207      0.045006      0.002766     -0.001403     -0.000030      0.000544      0.059488     -0.022319     -0.018464      0.007489     -0.016126      0.070890      0.011151     -0.000013      0.009336     -0.008675      0.063519
      0.059296      0.042050      0.003043     -0.001685     -0.000032      0.000909      0.057323     -0.021575     -0.019357      0.007686     -0.015503      0.069612      0.011670     -0.000012      0.010164     -0.009193      0.061766       0.059296      0.042050      0.003043     -0.001685     -0.000032      0.000909      0.057323     -0.021575     -0.019357      0.007686     -0.015503      0.069612      0.011670     -0.000012      0.010164     -0.009193      0.061766
      0.075159      0.038392      0.003357     -0.002010     -0.000033      0.001344      0.054530     -0.020607     -0.020280      0.007827     -0.014733      0.067752      0.012209     -0.000013      0.011058     -0.009741      0.059355       0.075159      0.038392      0.003357     -0.002010     -0.000033      0.001344      0.054530     -0.020607     -0.020280      0.007827     -0.014733      0.067752      0.012209     -0.000013      0.011058     -0.009741      0.059355
      0.092733      0.034079      0.003703     -0.002381     -0.000034      0.001844      0.051175     -0.019446     -0.021225      0.007892     -0.013852      0.065358      0.012764     -0.000014      0.012003     -0.010310      0.056309       0.092733      0.034079      0.003703     -0.002381     -0.000034      0.001844      0.051175     -0.019446     -0.021225      0.007892     -0.013852      0.065358      0.012764     -0.000014      0.012003     -0.010310      0.056309
      0.111947      0.029180      0.004074     -0.002799     -0.000035      0.002399      0.047361     -0.018134     -0.022189      0.007860     -0.012908      0.062520      0.013334     -0.000015      0.012984     -0.010897      0.052674       0.111947      0.029180      0.004074     -0.002799     -0.000035      0.002399      0.047361     -0.018134     -0.022189      0.007860     -0.012908      0.062520      0.013334     -0.000015      0.012984     -0.010897      0.052674
      0.132723      0.023774      0.004450     -0.003264     -0.000035      0.002989      0.043219     -0.016726     -0.023172      0.007718     -0.011953      0.059355      0.013920     -0.000017      0.013984     -0.011492      0.048515       0.132723      0.023774      0.004450     -0.003264     -0.000035      0.002989      0.043219     -0.016726     -0.023172      0.007718     -0.011953      0.059355      0.013920     -0.000017      0.013984     -0.011492      0.048515
      0.154978      0.017944      0.004802     -0.003774     -0.000035      0.003579      0.038904     -0.015278     -0.024177      0.007451     -0.011044      0.056008      0.014504     -0.000018      0.014985     -0.012072      0.043900       0.154978      0.017944      0.004802     -0.003774     -0.000035      0.003579      0.038904     -0.015278     -0.024177      0.007451     -0.011044      0.056007      0.014504     -0.000018      0.014985     -0.012072      0.043900
      0.178623      0.011792      0.005084     -0.004321     -0.000034      0.004118      0.034601     -0.013853     -0.025202      0.007057     -0.010241      0.052632      0.015031     -0.000019      0.015964     -0.012569      0.038891       0.178623      0.011792      0.005084     -0.004321     -0.000034      0.004118      0.034601     -0.013853     -0.025202      0.007057     -0.010241      0.052632      0.015031     -0.000019      0.015964     -0.012569      0.038891
      0.203561      0.005468      0.005236     -0.004888     -0.000033      0.004538      0.030550     -0.012527     -0.026229      0.006541     -0.009609      0.049383      0.015356     -0.000020      0.016879     -0.012835      0.033552       0.203561      0.005468      0.005236     -0.004888     -0.000033      0.004538      0.030550     -0.012527     -0.026229      0.006541     -0.009609      0.049383      0.015356     -0.000020      0.016879     -0.012835      0.033552
      0.229693     -0.000770      0.005184     -0.005441     -0.000031      0.004756      0.027060     -0.011400     -0.027204      0.005926     -0.009238      0.046392      0.015218     -0.000020      0.017649     -0.012608      0.027957       0.229693     -0.000770      0.005184     -0.005441     -0.000031      0.004756      0.027060     -0.011400     -0.027204      0.005926     -0.009238      0.046392      0.015218     -0.000020      0.017649     -0.012608      0.027957
      0.256914     -0.006495      0.004856     -0.005932     -0.000028      0.004686      0.024498     -0.010615     -0.028009      0.005250     -0.009252      0.043732      0.014234     -0.000020      0.018124     -0.011523      0.022235       0.256914     -0.006495      0.004856     -0.005932     -0.000028      0.004686      0.024498     -0.010615     -0.028009      0.005250     -0.009252      0.043732      0.014234     -0.000020      0.018124     -0.011523      0.022235
      0.285114     -0.011113      0.004209     -0.006296     -0.000026      0.004266      0.023164     -0.010357     -0.028437      0.004575     -0.009808      0.041373      0.012005     -0.000019      0.018071     -0.009220      0.016641       0.285114     -0.011113      0.004209     -0.006296     -0.000026      0.004266      0.023164     -0.010357     -0.028437      0.004575     -0.009808      0.041373      0.012005     -0.000019      0.018071     -0.009220      0.016641
      0.314178     -0.014023      0.003267     -0.006460     -0.000023      0.003502      0.022992     -0.010787     -0.028196      0.003971     -0.011033      0.039095      0.008340     -0.000017      0.017187     -0.005567      0.011621       0.314178     -0.014023      0.003267     -0.006460     -0.000023      0.003502      0.022992     -0.010787     -0.028196      0.003971     -0.011033      0.039095      0.008340     -0.000017      0.017187     -0.005567      0.011621
      0.343991     -0.014970      0.002161     -0.006367     -0.000020      0.002506      0.023147     -0.011870     -0.026977      0.003506     -0.012867      0.036420      0.003554     -0.000016      0.015182     -0.000949      0.007779       0.343991     -0.014970      0.002161     -0.006367     -0.000020      0.002506      0.023147     -0.011870     -0.026977      0.003506     -0.012867      0.036420      0.003554     -0.000016      0.015182     -0.000949      0.007779
      0.374432     -0.014449      0.001123     -0.005999     -0.000017      0.001503      0.021897     -0.013111     -0.024576      0.003218     -0.014802      0.032657     -0.001372     -0.000014      0.011922      0.003611      0.005659       0.374432     -0.014449      0.001123     -0.005999     -0.000017      0.001503      0.021897     -0.013111     -0.024576      0.003218     -0.014802      0.032657     -0.001372     -0.000014      0.011922      0.003611      0.005659
      0.405379     -0.013689      0.000394     -0.005400     -0.000014      0.000738      0.017389     -0.013379     -0.021040      0.003094     -0.015720      0.027271     -0.005088     -0.000013      0.007574      0.006784      0.005356       0.405379     -0.013689      0.000394     -0.005400     -0.000014      0.000738      0.017389     -0.013379     -0.021040      0.003094     -0.015720      0.027271     -0.005088     -0.000013      0.007574      0.006784      0.005356
      0.436707     -0.013857      0.000066     -0.004663     -0.000012      0.000323      0.009451     -0.011208     -0.016701      0.003074     -0.014173      0.020608     -0.006707     -0.000011      0.002605      0.007781      0.006229       0.436707     -0.013857      0.000066     -0.004663     -0.000012      0.000323      0.009451     -0.011208     -0.016701      0.003074     -0.014173      0.020608     -0.006707     -0.000011      0.002605      0.007781      0.006229
      0.468290     -0.014979      0.000012     -0.003883     -0.000010      0.000151      0.001007     -0.005766     -0.012003      0.003090     -0.009326      0.014365     -0.006594     -0.000010     -0.002434      0.007085      0.007040       0.468290     -0.014979      0.000012     -0.003883     -0.000010      0.000151      0.001007     -0.005766     -0.012003      0.003090     -0.009325      0.014365     -0.006594     -0.000010     -0.002434      0.007085      0.007040
      0.500000     -0.015952     -0.000006     -0.003112     -0.000009     -0.000006     -0.003289      0.002047     -0.007213      0.003112     -0.002047      0.010850     -0.006081     -0.000009     -0.007213      0.006081      0.006549       0.500000     -0.015952     -0.000006     -0.003112     -0.000009     -0.000006     -0.003289      0.002047     -0.007213      0.003112     -0.002047      0.010849     -0.006081     -0.000009     -0.007213      0.006081      0.006549
      0.531710     -0.016074     -0.000104     -0.002354     -0.000008     -0.000272     -0.001157      0.009600     -0.002317      0.003156      0.005058      0.011098     -0.005986     -0.000008     -0.011696      0.005535      0.004224       0.531710     -0.016074     -0.000104     -0.002354     -0.000008     -0.000272     -0.001157      0.009600     -0.002317      0.003156      0.005058      0.011098     -0.005986     -0.000008     -0.011696      0.005535      0.004224
      0.563293     -0.016171     -0.000151     -0.001613     -0.000007     -0.000526      0.004644      0.014130      0.002708      0.003238      0.009215      0.013716     -0.005560     -0.000007     -0.015849      0.004631      0.000604       0.563293     -0.016171     -0.000151     -0.001613     -0.000007     -0.000526      0.004645      0.014130      0.002708      0.003238      0.009215      0.013716     -0.005560     -0.000007     -0.015849      0.004631      0.000604
      0.594621     -0.017483      0.000104     -0.000948     -0.000007     -0.000506      0.008803      0.014651      0.007531      0.003319      0.009417      0.015994     -0.003373     -0.000007     -0.019313      0.001980     -0.002940       0.594621     -0.017483      0.000104     -0.000948     -0.000007     -0.000506      0.008803      0.014651      0.007531      0.003319      0.009418      0.015994     -0.003373     -0.000007     -0.019313      0.001980     -0.002940
      0.625568     -0.019769      0.000745     -0.000469     -0.000007     -0.000093      0.008398      0.012301      0.011485      0.003289      0.006822      0.016161      0.000858     -0.000006     -0.021490     -0.002539     -0.005024       0.625568     -0.019769      0.000745     -0.000469     -0.000007     -0.000093      0.008398      0.012301      0.011485      0.003289      0.006822      0.016160      0.000858     -0.000006     -0.021490     -0.002539     -0.005024
      0.656009     -0.021376      0.001552     -0.000267     -0.000007      0.000535      0.004629      0.009017      0.013985      0.003032      0.003435      0.014293      0.005780     -0.000006     -0.021988     -0.007417     -0.005124       0.656009     -0.021376      0.001552     -0.000267     -0.000007      0.000535      0.004629      0.009017      0.013985      0.003032      0.003435      0.014293      0.005780     -0.000006     -0.021988     -0.007417     -0.005124
      0.685822     -0.020997      0.002164     -0.000344     -0.000007      0.001041      0.000379      0.006121      0.014918      0.002506      0.000640      0.011451      0.009629     -0.000005     -0.020925     -0.010867     -0.003760       0.685822     -0.020997      0.002164     -0.000344     -0.000007      0.001041      0.000379      0.006121      0.014918      0.002506      0.000640      0.011451      0.009629     -0.000005     -0.020925     -0.010867     -0.003760
      0.714886     -0.018733      0.002353     -0.000610     -0.000007      0.001191     -0.002554      0.003963      0.014634      0.001772     -0.001203      0.008561      0.011538     -0.000005     -0.018824     -0.012140     -0.001900       0.714886     -0.018733      0.002353     -0.000610     -0.000007      0.001191     -0.002554      0.003963      0.014634      0.001772     -0.001203      0.008561      0.011538     -0.000005     -0.018824     -0.012140     -0.001900
      0.743086     -0.015603      0.002119     -0.000934     -0.000007      0.000961     -0.004009      0.002362      0.013659      0.000951     -0.002327      0.006054      0.011761     -0.000005     -0.016283     -0.011663     -0.000280       0.743086     -0.015603      0.002119     -0.000934     -0.000007      0.000961     -0.004009      0.002362      0.013659      0.000951     -0.002327      0.006054      0.011761     -0.000005     -0.016283     -0.011663     -0.000280
      0.770307     -0.012560      0.001613     -0.001204     -0.000006      0.000475     -0.004566      0.001068      0.012412      0.000167     -0.003038      0.003998      0.011060     -0.000004     -0.013720     -0.010328      0.000806       0.770307     -0.012560      0.001613     -0.001204     -0.000006      0.000475     -0.004566      0.001068      0.012412      0.000167     -0.003038      0.003998      0.011060     -0.000004     -0.013720     -0.010328      0.000806
      0.796439     -0.010036      0.001020     -0.001358     -0.000006     -0.000100     -0.004728     -0.000044      0.011100     -0.000488     -0.003503      0.002310      0.010061     -0.000004     -0.011327     -0.008819      0.001356       0.796439     -0.010036      0.001020     -0.001358     -0.000006     -0.000100     -0.004728     -0.000044      0.011100     -0.000488     -0.003503      0.002310      0.010061     -0.000004     -0.011327     -0.008819      0.001356
      0.821377     -0.008030      0.000487     -0.001380     -0.000005     -0.000625     -0.004705     -0.000987      0.009787     -0.000970     -0.003763      0.000899      0.009032     -0.000003     -0.009157     -0.007412      0.001489       0.821377     -0.008030      0.000487     -0.001380     -0.000005     -0.000625     -0.004705     -0.000987      0.009787     -0.000970     -0.003763      0.000899      0.009032     -0.000003     -0.009157     -0.007412      0.001489
      0.845022     -0.006388      0.000093     -0.001292     -0.000005     -0.001019     -0.004531     -0.001733      0.008489     -0.001276     -0.003821     -0.000275      0.008008     -0.000003     -0.007225     -0.006122      0.001360       0.845022     -0.006388      0.000093     -0.001292     -0.000005     -0.001019     -0.004531     -0.001733      0.008489     -0.001276     -0.003821     -0.000275      0.008008     -0.000003     -0.007225     -0.006122      0.001360
      0.867277     -0.004988     -0.000148     -0.001131     -0.000004     -0.001260     -0.004216     -0.002267      0.007234     -0.001431     -0.003696     -0.001203      0.006970     -0.000002     -0.005546     -0.004919      0.001113       0.867277     -0.004988     -0.000148     -0.001131     -0.000004     -0.001260     -0.004216     -0.002267      0.007234     -0.001431     -0.003696     -0.001203      0.006970     -0.000002     -0.005546     -0.004919      0.001113
      0.888053     -0.003783     -0.000262     -0.000936     -0.000003     -0.001366     -0.003795     -0.002597      0.006060     -0.001471     -0.003431     -0.001872      0.005937     -0.000002     -0.004131     -0.003809      0.000847       0.888053     -0.003783     -0.000262     -0.000936     -0.000003     -0.001366     -0.003795     -0.002597      0.006060     -0.001471     -0.003431     -0.001872      0.005937     -0.000002     -0.004131     -0.003809      0.000847
      0.907267     -0.002769     -0.000287     -0.000735     -0.000003     -0.001368     -0.003320     -0.002752      0.005003     -0.001429     -0.003081     -0.002292      0.004954     -0.000002     -0.002981     -0.002830      0.000614       0.907267     -0.002769     -0.000287     -0.000735     -0.000003     -0.001368     -0.003320     -0.002752      0.005003     -0.001429     -0.003081     -0.002292      0.004954     -0.000002     -0.002981     -0.002830      0.000614
      0.924841     -0.001947     -0.000261     -0.000550     -0.000002     -0.001300     -0.002841     -0.002766      0.004079     -0.001333     -0.002695     -0.002494      0.004064     -0.000001     -0.002077     -0.002012      0.000428       0.924841     -0.001947     -0.000261     -0.000550     -0.000002     -0.001300     -0.002841     -0.002766      0.004079     -0.001333     -0.002695     -0.002494      0.004064     -0.000001     -0.002077     -0.002012      0.000428
      0.940704     -0.001309     -0.000211     -0.000391     -0.000002     -0.001188     -0.002388     -0.002668      0.003288     -0.001205     -0.002306     -0.002519      0.003285     -0.000001     -0.001391     -0.001366      0.000287       0.940704     -0.001309     -0.000211     -0.000391     -0.000002     -0.001188     -0.002388     -0.002668      0.003288     -0.001205     -0.002306     -0.002519      0.003285     -0.000001     -0.001391     -0.001366      0.000287
      0.954793     -0.000836     -0.000155     -0.000261     -0.000001     -0.001050     -0.001976     -0.002483      0.002620     -0.001057     -0.001934     -0.002408      0.002621     -0.000001     -0.000886     -0.000879      0.000183       0.954793     -0.000836     -0.000155     -0.000261     -0.000001     -0.001050     -0.001976     -0.002483      0.002620     -0.001057     -0.001934     -0.002408      0.002621     -0.000001     -0.000886     -0.000879      0.000183
      0.967050     -0.000500     -0.000103     -0.000163     -0.000001     -0.000898     -0.001606     -0.002227      0.002058     -0.000901     -0.001587     -0.002194      0.002059     -0.000000     -0.000530     -0.000528      0.000110       0.967050     -0.000500     -0.000103     -0.000163     -0.000001     -0.000898     -0.001606     -0.002227      0.002058     -0.000901     -0.001587     -0.002194      0.002059     -0.000000     -0.000530     -0.000528      0.000110
      0.977427     -0.000274     -0.000061     -0.000092     -0.000000     -0.000740     -0.001275     -0.001916      0.001583     -0.000742     -0.001267     -0.001903      0.001583     -0.000000     -0.000290     -0.000290      0.000060       0.977427     -0.000274     -0.000061     -0.000092     -0.000000     -0.000740     -0.001275     -0.001916      0.001583     -0.000742     -0.001267     -0.001903      0.001583     -0.000000     -0.000290     -0.000290      0.000060
      0.985881     -0.000131     -0.000031     -0.000045     -0.000000     -0.000582     -0.000974     -0.001560      0.001177     -0.000582     -0.000972     -0.001556      0.001177     -0.000000     -0.000139     -0.000140      0.000029       0.985881     -0.000131     -0.000031     -0.000045     -0.000000     -0.000582     -0.000974     -0.001560      0.001177     -0.000582     -0.000972     -0.001556      0.001177     -0.000000     -0.000139     -0.000140      0.000029
      0.992379     -0.000051     -0.000013     -0.000018     -0.000000     -0.000425     -0.000697     -0.001171      0.000824     -0.000425     -0.000697     -0.001170      0.000824     -0.000000     -0.000054     -0.000054      0.000011       0.992379     -0.000051     -0.000013     -0.000018     -0.000000     -0.000425     -0.000697     -0.001171      0.000824     -0.000425     -0.000697     -0.001170      0.000824     -0.000000     -0.000054     -0.000054      0.000011
      0.996894     -0.000013     -0.000003     -0.000005     -0.000000     -0.000270     -0.000437     -0.000758      0.000508     -0.000270     -0.000437     -0.000758      0.000508     -0.000000     -0.000014     -0.000014      0.000003       0.996894     -0.000013     -0.000003     -0.000005     -0.000000     -0.000270     -0.000437     -0.000758      0.000508     -0.000270     -0.000437     -0.000758      0.000508     -0.000000     -0.000014     -0.000014      0.000003
      0.999410     -0.000001     -0.000000     -0.000000     -0.000000     -0.000117     -0.000189     -0.000333      0.000217     -0.000117     -0.000189     -0.000333      0.000217     -0.000000     -0.000001     -0.000001      0.000000       0.999410     -0.000001     -0.000000     -0.000000     -0.000000     -0.000117     -0.000189     -0.000333      0.000217     -0.000117     -0.000189     -0.000333      0.000217     -0.000000     -0.000001     -0.000001      0.000000
  
