      0.000590      0.238239     -0.003113     -0.005363      0.000002     -0.001162      0.243307     -0.037264     -0.024444      0.018068     -0.081944      0.329877      0.008386      0.000005     -0.003193     -0.008132      0.280617       0.000590      0.238239     -0.003113     -0.005363      0.000002     -0.001162      0.243307     -0.037264     -0.024444      0.018068     -0.081944      0.329877      0.008386      0.000005     -0.003193     -0.008132      0.280617
      0.003106      0.242134     -0.003082     -0.005522      0.000003     -0.001099      0.247535     -0.037797     -0.025011      0.018476     -0.083608      0.336407      0.008397      0.000016     -0.003297     -0.008066      0.285771       0.003106      0.242134     -0.003082     -0.005522      0.000003     -0.001099      0.247535     -0.037797     -0.025011      0.018476     -0.083608      0.336407      0.008397      0.000016     -0.003297     -0.008066      0.285771
      0.007621      0.246679     -0.002978     -0.005760      0.000005     -0.000957      0.252638     -0.038355     -0.025789      0.019028     -0.085755      0.344759      0.008432      0.000029     -0.003423     -0.007979      0.292132       0.007621      0.246679     -0.002978     -0.005760      0.000005     -0.000957      0.252638     -0.038355     -0.025789      0.019028     -0.085755      0.344759      0.008432      0.000029     -0.003423     -0.007979      0.292132
      0.014119      0.250916     -0.002775     -0.006063      0.000006     -0.000719      0.257648     -0.038766     -0.026691      0.019657     -0.088065      0.353664      0.008497      0.000041     -0.003551     -0.007878      0.298601       0.014119      0.250916     -0.002775     -0.006063      0.000006     -0.000719      0.257648     -0.038766     -0.026691      0.019657     -0.088065      0.353664      0.008497      0.000041     -0.003551     -0.007878      0.298601
      0.022573      0.254137     -0.002450     -0.006421      0.000007     -0.000367      0.261848     -0.038895     -0.027655      0.020312     -0.090297      0.362190      0.008592      0.000052     -0.003666     -0.007765      0.304369       0.022573      0.254137     -0.002450     -0.006421      0.000007     -0.000367      0.261848     -0.038895     -0.027655      0.020312     -0.090297      0.362190      0.008592      0.000052     -0.003666     -0.007765      0.304369
      0.032950      0.255771     -0.001986     -0.006828      0.000008      0.000113      0.264660     -0.038631     -0.028631      0.020951     -0.092249      0.369580      0.008716      0.000060     -0.003760     -0.007639      0.308783       0.032950      0.255771     -0.001986     -0.006828      0.000008      0.000113      0.264660     -0.038631     -0.028631      0.020951     -0.092249      0.369580      0.008716      0.000060     -0.003760     -0.007639      0.308783
      0.045207      0.255373     -0.001364     -0.007278      0.000009      0.000732      0.265626     -0.037880     -0.029575      0.021534     -0.093753      0.375213      0.008861      0.000063     -0.003827     -0.007491      0.311324       0.045207      0.255373     -0.001364     -0.007278      0.000009      0.000732      0.265626     -0.037880     -0.029575      0.021534     -0.093753      0.375213      0.008861      0.000063     -0.003827     -0.007491      0.311324
      0.059296      0.252624     -0.000578     -0.007766      0.000009      0.001499      0.264415     -0.036575     -0.030451      0.022030     -0.094675      0.378609      0.009014      0.000062     -0.003866     -0.007309      0.311602       0.059296      0.252624     -0.000578     -0.007766      0.000009      0.001499      0.264415     -0.036575     -0.030451      0.022030     -0.094675      0.378609      0.009014      0.000062     -0.003866     -0.007309      0.311602
      0.075159      0.247346      0.000375     -0.008286      0.000009      0.002413      0.260837     -0.034680     -0.031233      0.022408     -0.094920      0.379447      0.009157      0.000056     -0.003880     -0.007075      0.309375       0.075159      0.247346      0.000375     -0.008286      0.000009      0.002413      0.260837     -0.034680     -0.031233      0.022408     -0.094920      0.379447      0.009157      0.000056     -0.003880     -0.007075      0.309375
      0.092733      0.239508      0.001484     -0.008834      0.000008      0.003465      0.254852     -0.032188     -0.031903      0.022648     -0.094438      0.377579      0.009267      0.000045     -0.003878     -0.006767      0.304558       0.092733      0.239508      0.001484     -0.008834      0.000008      0.003465      0.254852     -0.032188     -0.031903      0.022648     -0.094438      0.377579      0.009267      0.000045     -0.003878     -0.006767      0.304558
      0.111947      0.229215      0.002726     -0.009406      0.000007      0.004636      0.246565     -0.029125     -0.032451      0.022735     -0.093224      0.373028      0.009321      0.000031     -0.003869     -0.006361      0.297212       0.111947      0.229215      0.002726     -0.009406      0.000007      0.004636      0.246565     -0.029125     -0.032451      0.022735     -0.093224      0.373028      0.009321      0.000031     -0.003869     -0.006361      0.297212
      0.132723      0.216686      0.004062     -0.009999      0.000006      0.005891      0.236210     -0.025547     -0.032879      0.022663     -0.091315      0.365981      0.009288      0.000016     -0.003869     -0.005827      0.287527       0.132723      0.216686      0.004062     -0.009999      0.000006      0.005891      0.236210     -0.025547     -0.032879      0.022663     -0.091315      0.365981      0.009288      0.000016     -0.003869     -0.005827      0.287527
      0.154978      0.202228      0.005432     -0.010608      0.000005      0.007178      0.224129     -0.021529     -0.033192      0.022431     -0.088780      0.356748      0.009121     -0.000001     -0.003891     -0.005119      0.275782       0.154978      0.202228      0.005432     -0.010608      0.000005      0.007178      0.224129     -0.021529     -0.033192      0.022431     -0.088780      0.356748      0.009121     -0.000001     -0.003891     -0.005119      0.275782
      0.178623      0.186212      0.006758     -0.011227      0.000004      0.008423      0.210744     -0.017166     -0.033398      0.022047     -0.085716      0.345723      0.008732     -0.000016     -0.003953     -0.004153      0.262305       0.178623      0.186212      0.006758     -0.011227      0.000004      0.008423      0.210744     -0.017166     -0.033398      0.022047     -0.085716      0.345723      0.008732     -0.000016     -0.003953     -0.004153      0.262305
      0.203561      0.169077      0.007941     -0.011848      0.000003      0.009534      0.196553     -0.012561     -0.033501      0.021524     -0.082229      0.333328      0.007947     -0.000029     -0.004075     -0.002767      0.247438       0.203561      0.169077      0.007941     -0.011848      0.000003      0.009534      0.196553     -0.012561     -0.033501      0.021524     -0.082229      0.333328      0.007947     -0.000029     -0.004075     -0.002767      0.247438
      0.229693      0.151370      0.008869     -0.012455      0.000002      0.010400      0.182121     -0.007830     -0.033488      0.020883     -0.078439      0.319956      0.006471     -0.000040     -0.004290     -0.000691      0.231526       0.229693      0.151370      0.008869     -0.012455      0.000002      0.010400      0.182121     -0.007830     -0.033488      0.020883     -0.078439      0.319956      0.006471     -0.000040     -0.004290     -0.000691      0.231526
      0.256914      0.133790      0.009437     -0.013027      0.000001      0.010909      0.168041     -0.003098     -0.033324      0.020148     -0.074468      0.305909      0.003895     -0.000048     -0.004653      0.002439      0.214946       0.256914      0.133790      0.009437     -0.013027      0.000001      0.010909      0.168041     -0.003098     -0.033324      0.020148     -0.074468      0.305909      0.003895     -0.000048     -0.004653      0.002439      0.214946
      0.285114      0.117189      0.009571     -0.013535     -0.000000      0.010977      0.154793      0.001503     -0.032938      0.019352     -0.070444      0.291323     -0.000205     -0.000053     -0.005246      0.006967      0.198173       0.285114      0.117189      0.009571     -0.013535     -0.000000      0.010977      0.154793      0.001503     -0.032938      0.019352     -0.070444      0.291323     -0.000205     -0.000053     -0.005246      0.006967      0.198173
      0.314178      0.102411      0.009278     -0.013949     -0.000002      0.010594      0.142422      0.005858     -0.032229      0.018530     -0.066470      0.276077     -0.006015     -0.000055     -0.006176      0.012971      0.181848       0.314178      0.102411      0.009278     -0.013949     -0.000002      0.010594      0.142422      0.005858     -0.032229      0.018530     -0.066470      0.276077     -0.006015     -0.000055     -0.006176      0.012971      0.181848
      0.343991      0.089922      0.008688     -0.014241     -0.000005      0.009872      0.130138      0.009932     -0.031085      0.017719     -0.062569      0.259728     -0.013164     -0.000055     -0.007543      0.019956      0.166761       0.343991      0.089922      0.008688     -0.014241     -0.000005      0.009872      0.130138      0.009932     -0.031085      0.017719     -0.062569      0.259728     -0.013164     -0.000055     -0.007543      0.019956      0.166761
      0.374432      0.079393      0.008050     -0.014400     -0.000009      0.009050      0.116227      0.013865     -0.029429      0.016940     -0.058598      0.241629     -0.020545     -0.000054     -0.009392      0.026716      0.153619       0.374432      0.079393      0.008050     -0.014400     -0.000009      0.009050      0.116227      0.013865     -0.029429      0.016940     -0.058598      0.241629     -0.020545     -0.000054     -0.009392      0.026716      0.153619
      0.405379      0.069695      0.007634     -0.014435     -0.000014      0.008401      0.098962      0.018023     -0.027275      0.016201     -0.054192      0.221431     -0.026615     -0.000050     -0.011660      0.031694      0.142655       0.405379      0.069695      0.007634     -0.014435     -0.000014      0.008401      0.098962      0.018023     -0.027275      0.016201     -0.054192      0.221431     -0.026615     -0.000050     -0.011660      0.031694      0.142655
      0.436707      0.059707      0.007559     -0.014374     -0.000020      0.008067      0.078603      0.022891     -0.024738      0.015487     -0.048872      0.199973     -0.030279     -0.000046     -0.014169      0.033879      0.133316       0.436707      0.059707      0.007559     -0.014374     -0.000020      0.008067      0.078603      0.022891     -0.024738      0.015487     -0.048872      0.199973     -0.030279     -0.000046     -0.014169      0.033879      0.133316
      0.468290      0.049430      0.007714     -0.014250     -0.000026      0.007960      0.058873      0.028716     -0.021981      0.014782     -0.042390      0.179782     -0.031743     -0.000040     -0.016704      0.033617      0.124398       0.468290      0.049430      0.007714     -0.014250     -0.000026      0.007960      0.058873      0.028716     -0.021981      0.014782     -0.042390      0.179782     -0.031743     -0.000040     -0.016704      0.033617      0.124398
      0.500000      0.039998      0.007864     -0.014080     -0.000034      0.007864      0.045349      0.035118     -0.019115      0.014080     -0.035118      0.164078     -0.032249     -0.000034     -0.019115      0.032249      0.114666       0.500000      0.039998      0.007864     -0.014080     -0.000034      0.007864      0.045349      0.035118     -0.019115      0.014080     -0.035118      0.164078     -0.032249     -0.000034     -0.019115      0.032249      0.114666
      0.531710      0.032142      0.007895     -0.013868     -0.000042      0.007662      0.040806      0.041078     -0.016163      0.013387     -0.028064      0.154392     -0.032549     -0.000027     -0.021348      0.030546      0.103594       0.531710      0.032142      0.007895     -0.013868     -0.000042      0.007662      0.040806      0.041078     -0.016163      0.013387     -0.028064      0.154392     -0.032549     -0.000027     -0.021348      0.030546      0.103594
      0.563293      0.025043      0.007940     -0.013617     -0.000050      0.007490      0.042168      0.045528     -0.013152      0.012712     -0.022304      0.149053     -0.031821     -0.000020     -0.023349      0.027713      0.091755       0.563293      0.025043      0.007940     -0.013617     -0.000050      0.007490      0.042168      0.045528     -0.013152      0.012712     -0.022304      0.149053     -0.031821     -0.000020     -0.023349      0.027713      0.091755
      0.594621      0.017477      0.008248     -0.013350     -0.000058      0.007616      0.043181      0.048036     -0.010229      0.012039     -0.018279      0.144470     -0.028598     -0.000013     -0.024953      0.022440      0.080574       0.594621      0.017477      0.008248     -0.013350     -0.000058      0.007616      0.043181      0.048036     -0.010229      0.012039     -0.018279      0.144470     -0.028598     -0.000013     -0.024953      0.022440      0.080574
      0.625568      0.009729      0.008883     -0.013106     -0.000066      0.008149      0.040005      0.048961     -0.007658      0.011330     -0.015628      0.137952     -0.022686     -0.000006     -0.025927      0.014827      0.071464       0.625568      0.009729      0.008883     -0.013106     -0.000066      0.008149      0.040005      0.048961     -0.007658      0.011330     -0.015628      0.137952     -0.022686     -0.000006     -0.025927      0.014827      0.071464
      0.656009      0.003492      0.009580     -0.012913     -0.000073      0.008871      0.033396      0.048982     -0.005665      0.010546     -0.013652      0.129076     -0.015671     -0.000000     -0.026120      0.006715      0.064917       0.656009      0.003492      0.009580     -0.012913     -0.000073      0.008871      0.033396      0.048982     -0.005665      0.010546     -0.013652      0.129076     -0.015671     -0.000000     -0.026120      0.006715      0.064917
      0.685822      0.000041      0.009936     -0.012768     -0.000080      0.009394      0.026237      0.048591     -0.004304      0.009676     -0.011843      0.118864     -0.009598      0.000006     -0.025577      0.000221      0.060325       0.685822      0.000041      0.009936     -0.012768     -0.000080      0.009394      0.026237      0.048591     -0.004304      0.009676     -0.011843      0.118864     -0.009598      0.000006     -0.025577      0.000221      0.060325
      0.714886     -0.000848      0.009703     -0.012634     -0.000086      0.009440      0.020484      0.047952     -0.003456      0.008747     -0.010045      0.108432     -0.005542      0.000011     -0.024491     -0.003707      0.056620       0.714886     -0.000848      0.009703     -0.012634     -0.000086      0.009440      0.020484      0.047952     -0.003456      0.008747     -0.010045      0.108432     -0.005542      0.000011     -0.024491     -0.003707      0.056620
      0.743086     -0.000343      0.008898     -0.012458     -0.000090      0.008971      0.016399      0.047038     -0.002936      0.007805     -0.008311      0.098396     -0.003338      0.000016     -0.023091     -0.005441      0.052991       0.743086     -0.000343      0.008898     -0.012458     -0.000090      0.008971      0.016399      0.047038     -0.002936      0.007805     -0.008311      0.098396     -0.003338      0.000016     -0.023091     -0.005441      0.052991
      0.770307      0.000477      0.007720     -0.012197     -0.000093      0.008124      0.013425      0.045799     -0.002594      0.006901     -0.006722      0.088932     -0.002236      0.000020     -0.021543     -0.005902      0.049103       0.770307      0.000477      0.007720     -0.012197     -0.000093      0.008124      0.013425      0.045799     -0.002594      0.006901     -0.006722      0.088932     -0.002236      0.000020     -0.021543     -0.005902      0.049103
      0.796439      0.001112      0.006412     -0.011828     -0.000095      0.007095      0.011039      0.044227     -0.002353      0.006071     -0.005312      0.080005     -0.001600      0.000024     -0.019934     -0.005820      0.044943       0.796439      0.001112      0.006412     -0.011828     -0.000095      0.007095      0.011039      0.044227     -0.002353      0.006071     -0.005312      0.080005     -0.001600      0.000024     -0.019934     -0.005820      0.044943
      0.821377      0.001523      0.005173     -0.011345     -0.000096      0.006061      0.009015      0.042355     -0.002184      0.005334     -0.004073      0.071548     -0.001157      0.000026     -0.018306     -0.005502      0.040635       0.821377      0.001523      0.005173     -0.011345     -0.000096      0.006061      0.009015      0.042355     -0.002184      0.005334     -0.004073      0.071548     -0.001157      0.000026     -0.018306     -0.005502      0.040635
      0.845022      0.001831      0.004119     -0.010761     -0.000095      0.005132      0.007315      0.040228     -0.002070      0.004690     -0.002984      0.063561     -0.000879      0.000028     -0.016683     -0.004998      0.036343       0.845022      0.001831      0.004119     -0.010761     -0.000095      0.005132      0.007315      0.040228     -0.002070      0.004690     -0.002984      0.063561     -0.000879      0.000028     -0.016683     -0.004998      0.036343
      0.867277      0.002116      0.003286     -0.010092     -0.000093      0.004351      0.005932      0.037883     -0.001994      0.004130     -0.002031      0.056093     -0.000779      0.000029     -0.015090     -0.004320      0.032214       0.867277      0.002116      0.003286     -0.010092     -0.000093      0.004351      0.005932      0.037883     -0.001994      0.004130     -0.002031      0.056093     -0.000779      0.000029     -0.015090     -0.004320      0.032214
      0.888053      0.002379      0.002653     -0.009360     -0.000090      0.003715      0.004832      0.035347     -0.001930      0.003638     -0.001215      0.049192     -0.000822      0.000030     -0.013547     -0.003530      0.028341       0.888053      0.002379      0.002653     -0.009360     -0.000090      0.003715      0.004832      0.035347     -0.001930      0.003638     -0.001215      0.049192     -0.000822      0.000030     -0.013547     -0.003530      0.028341
      0.907267      0.002582      0.002178     -0.008579     -0.000085      0.003195      0.003955      0.032637     -0.001859      0.003200     -0.000539      0.042865     -0.000937      0.000029     -0.012067     -0.002724      0.024759       0.907267      0.002582      0.002178     -0.008579     -0.000085      0.003195      0.003955      0.032637     -0.001859      0.003200     -0.000539      0.042865     -0.000937      0.000029     -0.012067     -0.002724      0.024759
      0.924841      0.002685      0.001815     -0.007763     -0.000080      0.002759      0.003242      0.029766     -0.001765      0.002802     -0.000008      0.037078     -0.001055      0.000028     -0.010652     -0.001985      0.021461       0.924841      0.002685      0.001815     -0.007763     -0.000080      0.002759      0.003242      0.029766     -0.001765      0.002802     -0.000008      0.037078     -0.001055      0.000028     -0.010652     -0.001985      0.021461
      0.940704      0.002672      0.001529     -0.006921     -0.000073      0.002382      0.002648      0.026744     -0.001644      0.002434      0.000381      0.031771     -0.001133      0.000027     -0.009300     -0.001362      0.018419       0.940704      0.002672      0.001529     -0.006921     -0.000073      0.002382      0.002648      0.026744     -0.001644      0.002434      0.000381      0.031771     -0.001133      0.000027     -0.009300     -0.001362      0.018419
      0.954793      0.002545      0.001290     -0.006060     -0.000065      0.002041      0.002142      0.023588     -0.001494      0.002088      0.000636      0.026876     -0.001150      0.000025     -0.008001     -0.000870      0.015598       0.954793      0.002545      0.001290     -0.006060     -0.000065      0.002041      0.002142      0.023588     -0.001494      0.002088      0.000636      0.026876     -0.001150      0.000025     -0.008001     -0.000870      0.015598
      0.967050      0.002319      0.001081     -0.005184     -0.000057      0.001723      0.001705      0.020312     -0.001318      0.001758      0.000768      0.022326     -0.001104      0.000022     -0.006747     -0.000505      0.012967       0.967050      0.002319      0.001081     -0.005184     -0.000057      0.001723      0.001705      0.020312     -0.001318      0.001758      0.000768      0.022326     -0.001104      0.000022     -0.006747     -0.000505      0.012967
      0.977427      0.002014      0.000886     -0.004298     -0.000048      0.001417      0.001325      0.016933     -0.001120      0.001440      0.000794      0.018060     -0.000999      0.000019     -0.005530     -0.000254      0.010493       0.977427      0.002014      0.000886     -0.004298     -0.000048      0.001417      0.001325      0.016933     -0.001120      0.001440      0.000794      0.018060     -0.000999      0.000019     -0.005530     -0.000254      0.010493
      0.985881      0.001649      0.000699     -0.003403     -0.000039      0.001117      0.000992      0.013470     -0.000904      0.001130      0.000729      0.014021     -0.000844      0.000015     -0.004339     -0.000096      0.008148       0.985881      0.001649      0.000699     -0.003403     -0.000039      0.001117      0.000992      0.013470     -0.000904      0.001130      0.000729      0.014021     -0.000844      0.000015     -0.004339     -0.000096      0.008148
      0.992379      0.001241      0.000513     -0.002502     -0.000029      0.000820      0.000697      0.009940     -0.000674      0.000825      0.000593      0.010157     -0.000650      0.000011     -0.003170     -0.000013      0.005903       0.992379      0.001241      0.000513     -0.002502     -0.000029      0.000820      0.000697      0.009940     -0.000674      0.000825      0.000593      0.010157     -0.000650      0.000011     -0.003170     -0.000013      0.005903
      0.996894      0.000804      0.000328     -0.001598     -0.000018      0.000523      0.000431      0.006365     -0.000434      0.000525      0.000404      0.006421     -0.000428      0.000007     -0.002016      0.000017      0.003731       0.996894      0.000804      0.000328     -0.001598     -0.000018      0.000523      0.000431      0.006365     -0.000434      0.000525      0.000404      0.006421     -0.000428      0.000007     -0.002016      0.000017      0.003731
      0.999410      0.000353      0.000143     -0.000697     -0.000008      0.000228      0.000184      0.002779     -0.000190      0.000228      0.000182      0.002783     -0.000190      0.000003     -0.000877      0.000013      0.001618       0.999410      0.000353      0.000143     -0.000697     -0.000008      0.000228      0.000184      0.002779     -0.000190      0.000228      0.000182      0.002783     -0.000190      0.000003     -0.000877      0.000013      0.001618
  
