      0.000590      0.173874      0.009196     -0.013430     -0.000108      0.006726      0.171799     -0.059776      0.000589      0.005794     -0.043983      0.135893     -0.021694      0.000238     -0.020475      0.022293      0.142395       0.000590      0.173874      0.009196     -0.013430     -0.000108      0.006726      0.171799     -0.059776      0.000589      0.005794     -0.043983      0.135893     -0.021694      0.000238     -0.020475      0.022293      0.142395
      0.003106      0.176881      0.009403     -0.013737     -0.000109      0.006888      0.174635     -0.060737      0.000694      0.005927     -0.044459      0.137658     -0.022239      0.000243     -0.020973      0.022836      0.144513       0.003106      0.176881      0.009403     -0.013737     -0.000109      0.006888      0.174635     -0.060737      0.000694      0.005927     -0.044459      0.137658     -0.022239      0.000243     -0.020973      0.022836      0.144513
      0.007621      0.180565      0.009683     -0.014157     -0.000110      0.007111      0.178025     -0.061865      0.000882      0.006112     -0.044868      0.139481     -0.022992      0.000251     -0.021670      0.023578      0.146926       0.007621      0.180565      0.009683     -0.014157     -0.000110      0.007111      0.178025     -0.061865      0.000882      0.006112     -0.044868      0.139481     -0.022992      0.000251     -0.021670      0.023578      0.146926
      0.014119      0.184281      0.009998     -0.014643     -0.000111      0.007368      0.181324     -0.062929      0.001158      0.006332     -0.045027      0.140832     -0.023871      0.000258     -0.022494      0.024429      0.149098       0.014119      0.184281      0.009998     -0.014643     -0.000111      0.007368      0.181324     -0.062929      0.001158      0.006332     -0.045027      0.140832     -0.023871      0.000258     -0.022494      0.024429      0.149098
      0.022573      0.187566      0.010320     -0.015156     -0.000110      0.007635      0.184067     -0.063759      0.001524      0.006573     -0.044790      0.141324     -0.024811      0.000265     -0.023396      0.025322      0.150645       0.022573      0.187566      0.010320     -0.015156     -0.000110      0.007635      0.184067     -0.063759      0.001524      0.006573     -0.044790      0.141324     -0.024811      0.000265     -0.023396      0.025322      0.150645
      0.032950      0.190064      0.010622     -0.015662     -0.000109      0.007893      0.185895     -0.064221      0.001982      0.006826     -0.044042      0.140657     -0.025757      0.000271     -0.024332      0.026196      0.151275       0.032950      0.190064      0.010622     -0.015662     -0.000109      0.007893      0.185895     -0.064221      0.001982      0.006826     -0.044042      0.140657     -0.025757      0.000271     -0.024332      0.026196      0.151275
      0.045207      0.191507      0.010879     -0.016128     -0.000106      0.008118      0.186536     -0.064208      0.002532      0.007084     -0.042693      0.138619     -0.026660      0.000274     -0.025265      0.026996      0.150779       0.045207      0.191507      0.010879     -0.016128     -0.000106      0.008118      0.186536     -0.064208      0.002532      0.007084     -0.042693      0.138619     -0.026660      0.000274     -0.025265      0.026996      0.150779
      0.059296      0.191718      0.011066     -0.016524     -0.000102      0.008290      0.185813     -0.063652      0.003170      0.007340     -0.040684      0.135081     -0.027478      0.000275     -0.026164      0.027676      0.149037       0.059296      0.191718      0.011066     -0.016524     -0.000102      0.008290      0.185813     -0.063652      0.003170      0.007340     -0.040684      0.135081     -0.027478      0.000275     -0.026164      0.027676      0.149037
      0.075159      0.190622      0.011164     -0.016820     -0.000096      0.008388      0.183646     -0.062516      0.003892      0.007592     -0.037992      0.130013     -0.028180      0.000273     -0.027004      0.028202      0.146021       0.075159      0.190622      0.011164     -0.016820     -0.000096      0.008388      0.183646     -0.062516      0.003892      0.007592     -0.037992      0.130013     -0.028180      0.000273     -0.027004      0.028202      0.146021
      0.092733      0.188251      0.011157     -0.016989     -0.000088      0.008398      0.180062     -0.060806      0.004688      0.007841     -0.034630      0.123480     -0.028747      0.000268     -0.027763      0.028552      0.141807       0.092733      0.188251      0.011157     -0.016989     -0.000088      0.008398      0.180062     -0.060806      0.004688      0.007841     -0.034630      0.123480     -0.028747      0.000268     -0.027763      0.028552      0.141807
      0.111947      0.184740      0.011041     -0.017009     -0.000079      0.008312      0.175181     -0.058567      0.005552      0.008091     -0.030649      0.115633     -0.029174      0.000259     -0.028429      0.028718      0.136559       0.111947      0.184740      0.011041     -0.017009     -0.000079      0.008312      0.175181     -0.058567      0.005552      0.008091     -0.030649      0.115633     -0.029174      0.000259     -0.028429      0.028718      0.136559
      0.132723      0.180312      0.010826     -0.016865     -0.000069      0.008137      0.169198     -0.055872      0.006472      0.008346     -0.026130      0.106692     -0.029462      0.000249     -0.028991      0.028698      0.130520       0.132723      0.180312      0.010826     -0.016865     -0.000069      0.008137      0.169198     -0.055872      0.006472      0.008346     -0.026130      0.106692     -0.029462      0.000249     -0.028991      0.028698      0.130520
      0.154978      0.175242      0.010539     -0.016547     -0.000058      0.007897      0.162345     -0.052820      0.007439      0.008612     -0.021178      0.096914     -0.029597      0.000236     -0.029443      0.028479      0.123983       0.154978      0.175242      0.010539     -0.016547     -0.000058      0.007897      0.162345     -0.052820      0.007439      0.008612     -0.021178      0.096914     -0.029597      0.000236     -0.029443      0.028479      0.123983
      0.178623      0.169809      0.010231     -0.016056     -0.000047      0.007637      0.154841     -0.049514      0.008440      0.008894     -0.015906      0.086558     -0.029524      0.000221     -0.029772      0.028004      0.117258       0.178623      0.169809      0.010231     -0.016056     -0.000047      0.007637      0.154841     -0.049514      0.008440      0.008894     -0.015906      0.086558     -0.029524      0.000221     -0.029772      0.028004      0.117258
      0.203561      0.164222      0.009972     -0.015406     -0.000035      0.007429      0.146828     -0.046046      0.009450      0.009191     -0.010416      0.075869     -0.029099      0.000205     -0.029954      0.027132      0.110637       0.203561      0.164222      0.009972     -0.015406     -0.000035      0.007429      0.146828     -0.046046      0.009450      0.009191     -0.010416      0.075869     -0.029099      0.000205     -0.029954      0.027132      0.110637
      0.229693      0.158531      0.009850     -0.014622     -0.000023      0.007361      0.138330     -0.042479      0.010418      0.009491     -0.004785      0.065066     -0.028050      0.000188     -0.029933      0.025605      0.104349       0.229693      0.158531      0.009850     -0.014622     -0.000023      0.007361      0.138330     -0.042479      0.010418      0.009491     -0.004785      0.065066     -0.028050      0.000188     -0.029933      0.025605      0.104349
      0.256914      0.152550      0.009951     -0.013745     -0.000012      0.007529      0.129255     -0.038826      0.011252      0.009773      0.000954      0.054373     -0.025982      0.000171     -0.029604      0.023062      0.098507       0.256914      0.152550      0.009951     -0.013745     -0.000012      0.007529      0.129255     -0.038826      0.011252      0.009773      0.000954      0.054373     -0.025982      0.000171     -0.029604      0.023062      0.098507
      0.285114      0.145855      0.010332     -0.012831     -0.000001      0.008003      0.119528     -0.035053      0.011793      0.009999      0.006807      0.044075     -0.022485      0.000154     -0.028805      0.019150      0.093031       0.285114      0.145855      0.010332     -0.012831     -0.000001      0.008003      0.119528     -0.035053      0.011793      0.009999      0.006807      0.044075     -0.022485      0.000154     -0.028805      0.019150      0.093031
      0.314178      0.137945      0.010977     -0.011944      0.000010      0.008788      0.109403     -0.031127      0.011829      0.010127      0.012781      0.034608     -0.017371      0.000138     -0.027322      0.013769      0.087587       0.314178      0.137945      0.010977     -0.011944      0.000010      0.008788      0.109403     -0.031127      0.011829      0.010127      0.012781      0.034608     -0.017371      0.000138     -0.027322      0.013769      0.087587
      0.343991      0.128619      0.011752     -0.011139      0.000020      0.009769      0.099885     -0.027134      0.011130      0.010113      0.018762      0.026638     -0.010993      0.000121     -0.024954      0.007369      0.081629       0.343991      0.128619      0.011752     -0.011139      0.000020      0.009769      0.099885     -0.027134      0.011130      0.010113      0.018762      0.026638     -0.010993      0.000121     -0.024954      0.007369      0.081629
      0.374432      0.118403      0.012413     -0.010445      0.000029      0.010714      0.092835     -0.023467      0.009540      0.009936      0.024344      0.020988     -0.004409      0.000106     -0.021609      0.001081      0.074630       0.374432      0.118403      0.012413     -0.010445      0.000029      0.010714      0.092835     -0.023467      0.009540      0.009936      0.024344      0.020988     -0.004409      0.000106     -0.021609      0.001081      0.074630
      0.405379      0.108548      0.012703     -0.009850      0.000037      0.011364      0.090129     -0.020943      0.007076      0.009610      0.028711      0.018192      0.000910      0.000092     -0.017403     -0.003625      0.066486       0.405379      0.108548      0.012703     -0.009850      0.000037      0.011364      0.090129     -0.020943      0.007076      0.009610      0.028711      0.018192      0.000910      0.000092     -0.017403     -0.003625      0.066486
      0.436707      0.100244      0.012515     -0.009310      0.000044      0.011591      0.091741     -0.020588      0.003960      0.009183      0.030844      0.017678      0.003951      0.000078     -0.012670     -0.005828      0.057827       0.436707      0.100244      0.012515     -0.009310      0.000044      0.011591      0.091741     -0.020588      0.003960      0.009183      0.030844      0.017678      0.003951      0.000078     -0.012670     -0.005828      0.057827
      0.468290      0.093522      0.011970     -0.008774      0.000050      0.011496      0.094289     -0.022956      0.000499      0.008709      0.030179      0.017285      0.004986      0.000066     -0.007817     -0.005931      0.049884       0.468290      0.093522      0.011970     -0.008774      0.000050      0.011496      0.094289     -0.022956      0.000499      0.008709      0.030179      0.017285      0.004986      0.000066     -0.007817     -0.005931      0.049884
      0.500000      0.087257      0.011310     -0.008222      0.000056      0.011310      0.092563     -0.027371     -0.003109      0.008222      0.027371      0.014167      0.005293      0.000056     -0.003109     -0.005293      0.043888       0.500000      0.087257      0.011310     -0.008222      0.000056      0.011310      0.092563     -0.027371     -0.003109      0.008222      0.027371      0.014167      0.005293      0.000056     -0.003109     -0.005293      0.043888
      0.531710      0.080706      0.010659     -0.007664      0.000060      0.011159      0.083968     -0.031916     -0.006844      0.007722      0.024309      0.006979      0.005660      0.000046      0.001381     -0.004689      0.040342       0.531710      0.080706      0.010659     -0.007664      0.000060      0.011159      0.083968     -0.031916     -0.006844      0.007722      0.024309      0.006979      0.005660      0.000046      0.001381     -0.004689      0.040342
      0.563293      0.074658      0.009895     -0.007109      0.000063      0.010926      0.071425     -0.034565     -0.010688      0.007210      0.023020     -0.002739      0.005295      0.000038      0.005577     -0.003313      0.038648       0.563293      0.074658      0.009895     -0.007109      0.000063      0.010926      0.071425     -0.034565     -0.010688      0.007210      0.023020     -0.002739      0.005295      0.000038      0.005577     -0.003313      0.038648
      0.594621      0.070296      0.008781     -0.006528      0.000066      0.010357      0.060774     -0.034526     -0.014377      0.006727      0.024303     -0.011782      0.002748      0.000031      0.009185      0.000178      0.037358       0.594621      0.070296      0.008781     -0.006528      0.000066      0.010357      0.060774     -0.034526     -0.014377      0.006727      0.024303     -0.011782      0.002748      0.000031      0.009185      0.000178      0.037358
      0.625568      0.067300      0.007260     -0.005858      0.000067      0.009350      0.055435     -0.032513     -0.017421      0.006359      0.027424     -0.017871     -0.002205      0.000025      0.011763      0.005774      0.035019       0.625568      0.067300      0.007260     -0.005858      0.000067      0.009350      0.055435     -0.032513     -0.017421      0.006359      0.027424     -0.017871     -0.002205      0.000025      0.011763      0.005774      0.035019
      0.656009      0.063933      0.005593     -0.005049      0.000067      0.008122      0.054409     -0.029835     -0.019399      0.006193      0.031019     -0.020842     -0.008070      0.000019      0.013023      0.011772      0.031072       0.656009      0.063933      0.005593     -0.005049      0.000067      0.008122      0.054409     -0.029835     -0.019399      0.006193      0.031019     -0.020842     -0.008070      0.000019      0.013023      0.011772      0.031072
      0.685822      0.058850      0.004185     -0.004114      0.000067      0.007054      0.054733     -0.027405     -0.020220      0.006260      0.034123     -0.021800     -0.012911      0.000015      0.013043      0.016190      0.026041       0.685822      0.058850      0.004185     -0.004114      0.000067      0.007054      0.054733     -0.027405     -0.020220      0.006260      0.034123     -0.021800     -0.012911      0.000015      0.013043      0.016190      0.026041
      0.714886      0.052167      0.003292     -0.003126      0.000065      0.006418      0.054438     -0.025477     -0.020124      0.006519      0.036474     -0.021854     -0.015738      0.000012      0.012194      0.018169      0.020906       0.714886      0.052167      0.003292     -0.003126      0.000065      0.006418      0.054438     -0.025477     -0.020124      0.006519      0.036474     -0.021854     -0.015738      0.000012      0.012194      0.018169      0.020906
      0.743086      0.044937      0.002918     -0.002186      0.000063      0.006259      0.053227     -0.023935     -0.019480      0.006882      0.038218     -0.021612     -0.016755      0.000009      0.010901      0.018111      0.016400       0.743086      0.044937      0.002918     -0.002186      0.000063      0.006259      0.053227     -0.023935     -0.019480      0.006882      0.038218     -0.021612     -0.016755      0.000009      0.010901      0.018111      0.016400
      0.770307      0.038133      0.002899     -0.001378      0.000060      0.006452      0.051597     -0.022610     -0.018582      0.007257      0.039561     -0.021267     -0.016723      0.000006      0.009471      0.016939      0.012800       0.770307      0.038133      0.002899     -0.001378      0.000060      0.006452      0.051597     -0.022610     -0.018582      0.007257      0.039561     -0.021267     -0.016723      0.000006      0.009471      0.016939      0.012800
      0.796439      0.032178      0.003025     -0.000746      0.000056      0.006821      0.049997     -0.021419     -0.017583      0.007574      0.040619     -0.020820     -0.016281      0.000005      0.008053      0.015376      0.010072       0.796439      0.032178      0.003025     -0.000746      0.000056      0.006821      0.049997     -0.021419     -0.017583      0.007574      0.040619     -0.020820     -0.016281      0.000005      0.008053      0.015376      0.010072
      0.821377      0.027045      0.003128     -0.000296      0.000051      0.007208      0.048585     -0.020356     -0.016538      0.007799      0.041419     -0.020246     -0.015705      0.000003      0.006705      0.013726      0.008056       0.821377      0.027045      0.003128     -0.000296      0.000051      0.007208      0.048585     -0.020356     -0.016538      0.007799      0.041419     -0.020246     -0.015705      0.000003      0.006705      0.013726      0.008056
      0.845022      0.022556      0.003112     -0.000007      0.000046      0.007516      0.047342     -0.019444     -0.015471      0.007926      0.041970     -0.019579     -0.015033      0.000002      0.005453      0.012035      0.006553       0.845022      0.022556      0.003112     -0.000007      0.000046      0.007516      0.047342     -0.019444     -0.015471      0.007926      0.041970     -0.019579     -0.015033      0.000002      0.005453      0.012035      0.006553
      0.867277      0.018572      0.002956      0.000157      0.000041      0.007710      0.046223     -0.018693     -0.014414      0.007969      0.042292     -0.018895     -0.014256      0.000001      0.004326      0.010304      0.005386       0.867277      0.018572      0.002956      0.000157      0.000041      0.007710      0.046223     -0.018693     -0.014414      0.007969      0.042292     -0.018895     -0.014256      0.000001      0.004326      0.010304      0.005386
      0.888053      0.015036      0.002683      0.000232      0.000036      0.007799      0.045215     -0.018097     -0.013409      0.007950      0.042429     -0.018273     -0.013407      0.000001      0.003347      0.008581      0.004424       0.888053      0.015036      0.002683      0.000232      0.000036      0.007799      0.045215     -0.018097     -0.013409      0.007950      0.042429     -0.018273     -0.013407      0.000001      0.003347      0.008581      0.004424
      0.907267      0.011938      0.002336      0.000249      0.000031      0.007810      0.044333     -0.017632     -0.012489      0.007893      0.042433     -0.017754     -0.012549      0.000000      0.002527      0.006944      0.003595       0.907267      0.011938      0.002336      0.000249      0.000031      0.007810      0.044333     -0.017632     -0.012489      0.007893      0.042433     -0.017754     -0.012549      0.000000      0.002527      0.006944      0.003595
      0.924841      0.009273      0.001956      0.000233      0.000025      0.007772      0.043589     -0.017272     -0.011676      0.007814      0.042354     -0.017345     -0.011746      0.000000      0.001861      0.005459      0.002867       0.924841      0.009273      0.001956      0.000233      0.000025      0.007772      0.043589     -0.017272     -0.011676      0.007814      0.042354     -0.017345     -0.011746      0.000000      0.001861      0.005459      0.002867
      0.940704      0.007022      0.001575      0.000200      0.000021      0.007708      0.042989     -0.016993     -0.010979      0.007727      0.042230     -0.017032     -0.011036     -0.000000      0.001336      0.004165      0.002230       0.940704      0.007022      0.001575      0.000200      0.000021      0.007708      0.042989     -0.016993     -0.010979      0.007727      0.042230     -0.017032     -0.011036     -0.000000      0.001336      0.004165      0.002230
      0.954793      0.005154      0.001216      0.000159      0.000016      0.007633      0.042523     -0.016777     -0.010393      0.007641      0.042089     -0.016796     -0.010432     -0.000000      0.000930      0.003070      0.001678       0.954793      0.005154      0.001216      0.000159      0.000016      0.007633      0.042523     -0.016777     -0.010393      0.007641      0.042089     -0.016796     -0.010432     -0.000000      0.000930      0.003070      0.001678
      0.967050      0.003631      0.000891      0.000119      0.000012      0.007559      0.042175     -0.016610     -0.009912      0.007562      0.041947     -0.016618     -0.009935     -0.000000      0.000623      0.002167      0.001210       0.967050      0.003631      0.000891      0.000119      0.000012      0.007559      0.042175     -0.016610     -0.009912      0.007562      0.041947     -0.016618     -0.009935     -0.000000      0.000623      0.002167      0.001210
      0.977427      0.002417      0.000612      0.000082      0.000008      0.007492      0.041922     -0.016482     -0.009527      0.007493      0.041817     -0.016485     -0.009539     -0.000000      0.000396      0.001442      0.000821       0.977427      0.002417      0.000612      0.000082      0.000008      0.007492      0.041922     -0.016482     -0.009527      0.007493      0.041817     -0.016485     -0.009539     -0.000000      0.000396      0.001442      0.000821
      0.985881      0.001476      0.000383      0.000051      0.000005      0.007436      0.041746     -0.016387     -0.009229      0.007436      0.041705     -0.016388     -0.009234     -0.000000      0.000232      0.000880      0.000510       0.985881      0.001476      0.000383      0.000051      0.000005      0.007436      0.041746     -0.016387     -0.009229      0.007436      0.041705     -0.016388     -0.009234     -0.000000      0.000232      0.000880      0.000510
      0.992379      0.000782      0.000206      0.000028      0.000003      0.007393      0.041628     -0.016319     -0.009009      0.007393      0.041617     -0.016319     -0.009011     -0.000000      0.000119      0.000466      0.000274       0.992379      0.000782      0.000206      0.000028      0.000003      0.007393      0.041628     -0.016319     -0.009009      0.007393      0.041617     -0.016319     -0.009011     -0.000000      0.000119      0.000466      0.000274
      0.996894      0.000315      0.000084      0.000011      0.000001      0.007362      0.041556     -0.016274     -0.008861      0.007362      0.041554     -0.016274     -0.008862     -0.000000      0.000047      0.000187      0.000111       0.996894      0.000315      0.000084      0.000011      0.000001      0.007362      0.041556     -0.016274     -0.008861      0.007362      0.041554     -0.016274     -0.008862     -0.000000      0.000047      0.000187      0.000111
      0.999410      0.000059      0.000016      0.000002      0.000000      0.007345      0.041519     -0.016250     -0.008781      0.007345      0.041519     -0.016250     -0.008781     -0.000000      0.000009      0.000035      0.000021       0.999410      0.000059      0.000016      0.000002      0.000000      0.007345      0.041519     -0.016250     -0.008781      0.007345      0.041519     -0.016250     -0.008781     -0.000000      0.000009      0.000035      0.000021
  
